6 1 1 84
8 1 82
14 79
16 77
18 74
4 16 31 40
3 18 70
3 21 68
3 23 66
3 25 54 1 1 1
3 27 48 1 1 1
3 29 42 14
3 30 16 1 17 18
3 32 3 13 11 22
2 33 1 18 5 24
3 31 27 25
3 29 31 1 24
2 28 39 21
2 26 42 19
2 25 47 17
2 23 50 15
2 22 53 14
2 21 57 13
2 20 57 12
2 19 61 11
2 18 62 9
2 17 64 7 1
2 16 65 6 1
2 15 67 4 2
2 15 68 4 3
2 14 5 19 44 2 4
2 13 4 66 1 4
2 12 3 67 5
2 12 3 69 6
2 12 2 8 61 6
2 12 1 72 5
3 12 26 46 5
3 11 25 47 5
3 9 25 47 5
4 9 8 2 1 1 1 1 1 1 1 28 4
13 1 1 1 1 1 1 1 1 1 1 1 1 1 1 20 4
4 1 2 1 13 2 22 1 14 4
1 3 7 13 4 22 8 1 1 1 4 3
11 7 13 4 23 1 13 1 7
10 7 12 5 22 1 17 1 3
10 7 12 6 11 11 2 19 1
9 8 11 7 11 10 4 19 5 1
8 8 10 8 10 10 4 18 8
8 8 10 9 10 9 6 18 7
7 9 9 9 11 9 8 17 7
7 9 8 11 9 1 9 8 16 7
6 9 7 11 10 1 8 10 15 6
6 9 7 12 8 2 7 12 15 6
5 8 7 4 1 15 2 7 13 14 6
5 7 1 6 6 5 7 4 5 16 12 6
6 2 3 5 7 6 6 5 3 18 9 6
6 1 2 1 4 7 6 6 6 13 7 8 6
11 2 4 8 6 4 24 5 10 6
1 8 2 3 9 7 3 25 6 10 6
4 3 1 3 23 27 6 11 6
6 3 3 61 10 6
8 2 3 60 11 3 1
8 1 3 60 10 4
1 1 1 1 4 59 10 3 1
5 1 4 60 10 3 2
12 4 30 28 9 4 2
8 3 4 29 26 9 4 2
5 1 2 4 26 2 25 8 5 2
3 7 5 23 6 23 7 4
1 9 5 35 21 7 5 3
11 6 58 6 6 3
10 6 57 12 3
8 1 7 57 12 4
6 3 6 57 12 4
2 5 6 1 56 11 4
10 5 2 55 11 1
13 5 2 54 11 2 1
8 3 3 3 54 10 3 1
8 4 4 4 52 10 5
7 4 1 4 5 52 2 6 5
7 2 2 3 6 50 7 7
7 1 4 3 7 49 8 7
7 7 2 9 48 8 8
17 10 44 6 8
31 40 2 7 9
33 37 3 5 10
30 4 32 6 5 10
30 6 28 7 3 11
30 9 23 10 1 1 1 1
30 14 1 1 8 1 1 13 3 2 1 4
30 16 1 1 15 7 7
30 44 1 10
30 44 2 16
29 44 3 15
30 1 1 38 5 14
31 1 34 7 13
