446 5 17 19
128 29 25 4
751 3 20 11
325 0 4 6
535 1 2 11
86 20 8 19
506 2 5 23
229 27 15 6
126 1 11 9
751 9 18 4
506 12 0 16
365 5 26 11
192 27 23 28
192 20 10 0
771 16 6 13
446 29 14 25
535 15 13 16
492 3 26 7
968 0 27 26
964 18 2 29
365 0 25 8
307 4 26 13
492 17 5 7
434 29 10 27
126 20 1 15
325 6 21 22
434 15 4 14
722 19 3 13
195 5 18 14
682 11 26 16
629 29 21 14
86 29 18 21
722 14 4 1
535 0 4 15
968 18 26 13
195 16 14 3
86 11 25 2
634 7 6 2
722 22 20 11
535 18 23 15
5 4 3 1
5 26 22 18
195 16 8 21
358 15 8 11
751 8 12 9
358 0 14 24
273 24 29 0
722 2 18 4
682 6 1 26
682 9 20 28
325 8 10 20
128 20 8 15
629 6 2 11
964 20 28 24
5 2 6 1
294 24 7 10
506 20 10 25
629 26 14 12
325 11 26 25
365 0 23 15
771 25 17 12
446 5 2 3
273 11 0 20
492 17 6 1
513 27 6 17
968 9 18 29
128 7 26 17
5 2 5 1
492 17 22 2
365 28 19 24
307 20 27 14
307 28 6 26
380 15 20 27
365 9 7 3
682 16 17 19
325 3 19 11
128 18 13 10
506 20 29 13
722 5 2 15
358 13 20 9
751 6 3 1
722 21 13 1
722 29 4 0
192 8 11 14
131 1 17 20
325 1 22 17
307 14 11 26
964 24 21 7
751 16 13 6
5 13 9 7
964 1 8 10
195 28 9 22
722 26 22 25
506 4 8 14
325 11 22 2
943 14 2 15
682 4 17 26
492 18 3 22
325 28 4 23
682 20 11 1
513 2 9 16
325 27 24 7
535 2 6 11
358 23 15 5
968 17 15 6
964 7 26 6
513 16 3 28
629 22 18 1
722 9 5 22
964 14 15 2
434 22 21 6
492 28 4 29
390 15 26 1
273 18 17 16
365 13 27 17
492 0 16 3
380 25 21 23
358 16 9 14
294 13 25 1
629 15 1 0
943 16 1 28
128 14 25 18
390 3 27 6
380 9 2 22
682 8 17 0
943 27 13 1
434 13 5 24
943 2 10 0
629 23 1 12
192 8 9 2
682 18 1 3
195 11 1 20
629 5 28 9
740 26 29 3
131 15 19 11
634 16 9 22
131 10 8 9
365 12 11 28
634 12 3 8
725 25 15 27
725 14 12 20
325 14 0 11
513 12 6 28
434 5 6 17
629 10 0 28
634 10 22 28
506 7 29 8
682 13 19 27
492 12 26 14
751 25 29 28
968 17 19 15
629 6 4 12
5 25 4 2
192 18 3 11
86 1 24 25
446 28 9 24
629 21 18 4
128 15 5 21
131 23 12 13
325 5 10 12
506 1 29 2
128 6 17 29
325 15 4 10
506 19 21 20
446 24 20 14
365 22 25 4
751 16 5 11
535 14 8 22
390 9 1 12
446 18 4 16
307 5 7 13
722 9 4 25
943 21 9 26
434 3 5 15
434 2 4 26
964 29 14 21
195 20 7 23
751 24 18 27
771 8 21 16
325 20 0 22
86 3 2 9
634 10 9 13
506 27 24 9
943 20 24 25
128 9 28 6
307 1 26 0
195 19 22 28
325 12 13 7
513 15 21 25
492 25 28 0
86 18 26 20
943 25 20 5
943 7 17 12
968 23 12 22
771 18 19 25
365 10 6 4
131 7 0 13
131 16 29 28
365 11 8 17
751 7 0 21
722 3 17 8
513 5 10 22
968 18 6 8
358 4 0 21
943 29 15 20
131 0 1 25
86 14 5 24
380 13 2 3
943 2 9 6
492 4 15 8
943 5 8 1
506 9 18 6
126 5 13 21
126 13 29 17
722 29 8 12
126 12 28 19
943 6 2 1
365 19 4 25
307 19 6 13
506 25 27 0
358 29 27 17
86 20 25 2
722 4 13 28
535 18 22 8
751 26 3 17
195 10 5 12
192 2 5 24
634 4 22 23
968 20 14 4
513 0 24 12
131 5 13 26
325 4 27 2
968 24 2 1
126 27 25 11
229 9 14 16
307 17 2 28
229 1 21 11
390 6 24 25
307 12 28 17
365 10 26 3
513 10 8 1
358 7 18 21
513 8 0 22
86 4 19 23
365 0 17 25
325 16 12 10
307 13 23 22
722 9 27 1
725 13 3 7
725 11 13 10
358 4 17 2
86 6 13 0
307 10 29 13
722 19 8 4
968 2 4 1
634 0 14 1
506 17 28 11
722 15 17 7
128 18 10 19
126 16 24 0
358 0 13 12
128 23 13 18
273 7 10 20
307 29 8 7
325 24 23 3
943 21 20 3
365 6 26 8
968 24 4 25
131 4 26 18
506 28 13 10
506 23 9 26
722 13 7 16
535 9 8 28
434 13 14 25
358 18 24 3
740 24 4 15
964 15 12 28
506 26 28 10
358 3 15 17
964 22 16 2
535 6 27 5
506 11 17 5
128 20 21 12
380 13 24 18
943 7 23 21
964 2 7 23
5 5 20 0
751 24 4 12
722 23 8 9
229 17 11 10
722 9 14 27
513 14 18 25
358 8 26 6
506 11 2 7
229 1 28 4
964 10 9 1
722 6 14 18
513 8 20 14
492 6 15 17
535 9 0 18