42 14 4 7 4 20
42 14 3 5 5 20
14 2 6 15 4 5 4 20
6 19 3 15 4 4 5 21
5 31 1 15 3 4 5 21
42 10 4 3 2 6 21
40 9 2 2 2 3 5 21
40 6 4 4 3 2 5 5 13
1 39 5 7 3 1 1 5 3 3 13
40 4 8 4 2 2 4 4 3 14
1 39 2 9 2 2 6 7 14
39 10 8 6 8 15
1 39 12 3 4 15
1 38 12 1 16 17
2 35 11 1 20 16
2 29 1 2 11 23 2 14
2 27 3 2 9 19 13
3 26 4 5 6 9 15 12
3 23 4 5 4 19 13 12
4 22 5 6 2 25 1 12
4 21 4 7 15 12 22
4 19 5 8 15 16 21
5 18 14 13 18 19
5 16 6 8 13 20 18
6 15 16 12 24 17
6 13 18 10 25 16
7 12 17 9 28 15
7 11 13 5 8 29 14
8 10 19 7 31 14
8 8 20 6 4 28 10 2
9 8 20 5 6 1 24 2 1
9 6 21 4 6 24 10
10 6 21 3 8 1 26 9
11 4 22 3 39 9
11 3 23 1 41 8 1
12 2 22 1 43 8
13 1 23 1 44 8
13 23 44 7
14 24 8 1 1 1 30 8
14 24 3 1 1 1 1 28 8
14 24 16 28 7
13 24 19 28 7
14 22 18 8 27
30 5 2 18 9 27
39 16 9 27
39 16 9 20 6
39 14 10 28
39 13 11 21 5
39 11 11 29
39 10 13 22 5
39 6 16 22 5
39 5 13 22 5
12 26 13 11 21 5
12 26 15 11 21 5
12 26 15 11 20 5
5 7 25 16 12 20 5
12 25 15 12 20 5
13 26 14 34 5
13 25 13 33 5
13 26 11 42
13 25 10 36 5
14 25 7 39 5
14 24 3 1 41 6
14 25 43 6
14 25 47 6
15 24 2 43 7
15 24 2 42 7
15 23 4 40 7
15 23 5 38 8
15 25 6 38 8
14 23 7 5 26 9
14 1 24 8 4 27 9
13 3 23 8 33 9
13 3 23 10 31 8
12 4 22 10 30 9 1
12 5 22 11 29 6 2
12 5 22 11 28 12
11 6 22 12 1 1 1 1 2 16 1 1 2 4
11 7 21 12 1 1 1 3
11 8 21 11 23 1 1 4 2
11 8 20 12 23 6 4 1
10 9 20 35 8 5
10 11 19 44 5
10 12 18 44 6
10 13 18 42 6
10 14 15 26 14 2 6
9 15 13 22 13 3 5
10 17 14 19 13 6 5
9 20 10 3 13 12 6 1 5
9 21 9 5 12 8 1 4
10 20 2 5 28 14 4
9 20 7 1 25 13 1 4
9 17 12 1 22 3 12 2 4
9 17 16 14 1 6 10 2 4
10 15 17 16 4 6 1 10 2 4
9 14 19 14 5 6 1 8 2 4
