6 1 1 84######XX#X#X####################################################################################
8 1 82########X#XXXX##################################################################################
14 79##############XXX###############################################################################
16 77################XXX#############################################################################
18 74##################XXXX##########################################################################
4 16 31 40####X################XXX###############################X########################################
3 18 70###XX##################XXX######################################################################
3 21 68###X#####################XXX####################################################################
3 23 66###X#######################XXX##################################################################
3 25 54 1 1 1###X#########################XXX######################################################X#XX#XXX#X
3 27 48 1 1 1###X###########################XX################################################XXXXXXX#XX#X#XX
3 29 42 14###X#############################XX##########################################XXXXX##############
3 30 16 1 17 18###X##############################XX################XXX#X#################XXXX##################
3 32 3 13 11 22###X################################XX###X#############XXXXXX###########XX######################
2 33 1 18 5 24##XX#################################XXXX#X##################XXXX#####XX########################
3 31 27 25###X###############################XXX###########################XXXXXX#########################
3 29 31 1 24###X#############################XXX###############################XX#XX########################
2 28 39 21##X############################XX#######################################XXX#####################
2 26 42 19##X##########################XXX##########################################XXX###################
2 25 47 17##X#########################XX###############################################XX#################
2 23 50 15##X#######################XX##################################################XXX###############
2 22 53 14##X######################XX#####################################################XX##############
2 21 57 13##X#####################X#########################################################X#############
2 20 57 12##X####################XX#########################################################XX############
2 19 61 11##X###################X#############################################################X###########
2 18 62 9##X##################XX##############################################################X#########X
2 17 64 7 1##X#################X################################################################XX#######X#
2 16 65 6 1##X################XX#################################################################X######XX#
2 15 67 4 2##X###############X###################################################################XX####XX##
2 15 68 4 3##X###############X####################################################################X####X###
2 14 5 19 44 2 4##X##############X#####X###################X############################################X##X####
2 13 4 66 1 4##X#############X####X##################################################################X#XX####
2 12 3 67 5##X############XX###X###################################################################XXX#####
2 12 3 69 6##X############X###X#####################################################################X######
2 12 2 8 61 6##X############X##X########X#############################################################X######
2 12 1 72 5##X############X#X########################################################################X#####
3 12 26 46 5###X############X##########################X##############################################X#####
3 11 25 47 5###X###########XX#########################X###############################################X#####
3 9 25 47 5###XX#########XX#########################XX###############################################X#####
4 9 8 2 1 1 1 1 1 1 1 28 4####X#########X########X##X#X#X#XX#XXXXXXXXXXXXXXXXXXXXXX#X#X#X############################X####
13 1 1 1 1 1 1 1 1 1 1 1 1 1 1 20 4#############XX#X#XXXXXXXXXXXXXXX#XX#XX#X#X#X#X#X#X#X#X#XXXXXXXXXXXXX#X####################X####
4 1 2 1 13 2 22 1 14 4####X#XXXXXXXXXXXX##X#X#############XX##X######################XX#XXXXXXXXXXX##############X####
1 3 7 13 4 22 8 1 1 1 4 3XXXXXX#X###XX#######X#############XX####X######################X########X#XXXXXXXX#X#XX####XX###
11 7 13 4 23 1 13 1 7###########X#######X#############XX####X#######################X#X#############XXXXXXXX#X#######
10 7 12 5 22 1 17 1 3##########XX#######X############XX#####X######################XX#XX#################X#XXXXXXX###
10 7 12 6 11 11 2 19 1##########X#######X############XX######X###########X###########X##X###################XX#XXXXXXX
9 8 11 7 11 10 4 19 5 1#########X########X###########XX#######X###########X##########X####X###################X#####X#X
8 8 10 8 10 10 4 18 8########XX########X##########XX########X##########XX##########X####XX##################X########
8 8 10 9 10 9 6 18 7########X########X##########XX#########X##########XX#########X######XX##################X#######
7 9 9 9 11 9 8 17 7#######X#########X#########XX#########X###########XX#########X########X#################X#######
7 9 8 11 9 1 9 8 16 7#######X#########X########XX###########X#########X#X#########X########XX################X#######
6 9 7 11 10 1 8 10 15 6######X#########XX#######XX###########X##########X#X########X##########XX###############XX######
6 9 7 12 8 2 7 12 15 6######X#########XX#######X############XX########X##X#######XX############X###############X######
5 8 7 4 1 15 2 7 13 14 6#####X########XXX#######X####X#X###############XX##X#######X#############XX##############X######
5 7 1 6 6 5 7 4 5 16 12 6#####X#######XX#X######X######XXX#####XX#######X####X#####X################XX############X######
6 2 3 5 7 6 6 5 3 18 9 6######XX##XXX###X#####XX#######XX######X######X#####XX###XX##################XXX#########X######
6 1 2 1 4 7 6 6 6 13 7 8 6######X#XXX##XX#X####XX#######XX######X######XX######XXXX#############XX#######XX########X######
11 2 4 8 6 4 24 5 10 6XX###########X##X####X########XXX######X####XX########################XX#####XX##########X######
1 8 2 3 9 7 3 25 6 10 6#XXXX########X##X###X#########XX#######X###XX#########################XX######X##########X######
4 3 1 3 23 27 6 11 6####XXX###X#X###X#######################XXX###########################X######X###########X######
6 3 3 61 10 6######XXX###X###X#############################################################X##########X######
8 2 3 60 11 3 1########XX##X###X############################################################X###########X###X#X
8 1 3 60 10 4XX########X#X###XX############################################################X##########X####XX
1 1 1 1 4 59 10 3 1#XXXXXX#X#X#X####X###########################################################XX##########X###XX#
5 1 4 60 10 3 2#####X#XXXXXX####X############################################################X##########X###X##
12 4 30 28 9 4 2############X####X##############################XX############################X#########X####X##
8 3 4 29 26 9 4 2########X###X####X#############################XXXX##########################XX#########X####X##
5 1 2 4 26 2 25 8 5 2#####XXX#X##X####XX##########################XXX##XXX#########################X########X#####X##
3 7 5 23 6 23 7 4###XX#######X#####X#######################XXXX######XXX#######################X#######XX####XXXX
1 9 5 35 21 7 5 3#XX#########X#####X###################################XXX#####################X#######X#####X###
11 6 58 6 6 3X###########X######X##########################################################X######X######X###
10 6 57 12 3##########XXX######XX#########################################################X############XX###
8 1 7 57 12 4########XXX#X#######X#########################################################X############X####
6 3 6 57 12 4######XXX###X######XX#########################################################X############X####
2 5 6 1 56 11 4##XXXXX#####X######X#X########################################################X###########XX####
10 5 2 55 11 1XXX##########X#####X##X#######################################################X###########X#XXXX
13 5 2 54 11 2 1#############X#####X##XX######################################################X###########X##X#X
8 3 3 3 54 10 3 1########XX###XXX###X###X######################################################X##########X###XX#
8 4 4 4 52 10 5########X####XX####X####XX####################################################X##########X#####X
7 4 1 4 5 52 2 6 5#######X####X#X####X#####X####################################################X##X######XX#####X
7 2 2 3 6 50 7 7#######X##XXX##X###X######XX##################################################XXX#######X#######
7 1 4 3 7 49 8 7#######X#XX####X###X#######XX#################################################XX########X#######
7 7 2 9 48 8 8#######XX#######X##X#########X################################################X########X########
17 10 44 6 8#################XXX##########XX############################################XXXX######XX########
31 40 2 7 9###############################XXX########################################XX##X#######X#########
33 37 3 5 10#################################XX#####################################XX###XXX#####X##########
30 4 32 6 5 10##############################X####XXX################################XX######XX#####X##########
30 6 28 7 3 11##############################X######XXX############################XX#######XXXX###X###########
30 9 23 10 1 1 1 1##############################X#########XX#######################XXX##########X#XXXXX#X#XX#XXXXX
30 14 1 1 8 1 1 13 3 2 1 4##############################X##############X#X#X########X#X#XXX#############X###XXXXX##X#X####
30 16 1 1 15 7 7##############################X################X#XXXXXXXXXX#XX###############XX#######XXX#######
30 44 1 10##############################X############################################X#XX##########XXXXXXX
30 44 2 16##############################X############################################X##XX################
29 44 3 15#############################XX############################################X###XX###############
30 1 1 38 5 14##############################X#X#X######################################XX#####XX##############
31 1 34 7 13###############################XXX#XXX##################################XX#######XX#############